1 4 [1 2 3 4] 152 
1 5 [1 2 3 5] 153 
1 6 [1 2 3 5 6] 157 
1 1 [1 1] 0 
1 2 [1 2] 100 
1 3 [1 2 3] 150 
2 5 [2 3 5] 53 
2 6 [2 3 5 6] 57 
2 1 [2 1] 100 
2 2 [2 2] 0 
2 3 [2 3] 50 
2 4 [2 3 4] 52 
3 4 [3 4] 2 
3 5 [3 5] 3 
3 6 [3 5 6] 7 
3 1 [3 2 1] 150 
3 2 [3 2] 50 
3 3 [3 3] 0 
4 1 [4 3 2 1] 152 
4 2 [4 3 2] 52 
4 3 [4 3] 2 
4 4 [4 4] 0 
4 5 [4 5] 1 
4 6 [4 5 6] 5 
5 1 [5 3 2 1] 153 
5 2 [5 3 2] 53 
5 3 [5 3] 3 
5 4 [5 4] 1 
5 5 [5 5] 0 
5 6 [5 6] 4 
6 1 [6 5 3 2 1] 157 
6 2 [6 5 3 2] 57 
6 3 [6 5 3] 7 
6 4 [6 5 4] 5 
6 5 [6 5] 4 
6 6 [6 6] 0 

