15 65 6
65 15 6
15 95 1
95 15 1
12 13 12
13 12 12
55 11 7
11 55 7
55 33 11
33 55 11
55 81 10
81 55 10
110 48 1
48 110 1
110 31 2
31 110 2
78 77 2
77 78 12
78 75 3
75 78 3
110 16 13
16 110 13
110 116 9
116 110 9
110 61 9
61 110 9
110 18 1
18 110 9
110 92 10
92 110 10
103 52 5
52 103 5
103 78 4
78 103 4
103 91 9
91 103 9
117 56 12
56 117 12
117 93 14
93 117 14
53 17 10
17 53 10
53 118 2
118 53 12
53 47 5
47 53 5
5 99 8
99 5 8
75 117 13
117 75 9
76 20 1
20 76 1
76 107 4
107 76 4
76 73 15
73 76 15
76 45 7
45 76 7
116 36 3
36 116 3
116 67 1
67 116 9
24 68 10
68 24 10
24 57 14
57 24 5
24 102 8
102 24 8
24 106 3
106 24 7
30 60 9
60 30 9
18 89 13
89 18 13
82 57 3
57 82 3
82 103 14
103 82 14
82 85 8
85 82 8
82 119 9
119 82 9
82 15 10
15 82 10
82 61 4
61 82 4
82 87 10
87 82 10
82 94 3
94 82 3
85 79 12
79 85 12
85 75 14
75 85 13
73 55 10
55 73 10
73 8 2
8 73 5
105 67 8
67 105 8
105 75 6
75 105 6
105 104 5
104 105 5
105 61 5
61 105 10
105 34 1
34 105 1
105 30 6
30 105 6
35 77 13
77 35 13
35 3 3
3 35 3
35 119 6
119 35 6
35 9 12
9 35 12
35 80 9
80 35 9
35 5 13
5 35 10
30 110 14
110 30 14
30 63 11
63 30 11
15 51 7
51 15 7
15 53 2
53 15 2
15 114 3
114 15 3
15 6 6
6 15 6
15 103 14
103 15 12
15 3 2
3 15 2
1 7 14
7 1 2
105 28 12
28 105 12
105 109 1
109 105 1
44 50 1
50 44 4
36 80 15
80 36 15
36 45 11
45 36 11
93 88 12
88 93 12
93 29 5
29 93 5
19 49 4
49 19 4
19 6 13
6 19 1
4 109 9
109 4 9
4 84 3
84 4 5
91 116 9
116 91 9
39 81 9
81 39 1
10 23 7
23 10 7
99 84 3
84 99 13
99 64 8
64 99 8
99 76 5
76 99 5
99 89 1
89 99 1
93 7 11
7 93 11
26 28 3
28 26 11
45 118 10
118 45 8
106 10 14
10 106 14
44 4 4
4 44 13
28 101 11
101 28 11
101 119 15
119 101 15
101 5 7
5 101 13
101 39 9
39 101 9
101 115 1
115 101 9
47 106 10
106 47 10
47 51 15
51 47 9
7 48 1
48 7 4
102 57 2
57 102 2
32 50 7
50 32 7
32 111 2
111 32 2
32 82 7
82 32 7
111 63 8
63 111 8
111 110 7
110 111 12
111 74 13
74 111 13
30 0 8
0 30 8
30 68 12
68 30 12
57 10 8
10 57 5
40 52 12
52 40 12
40 43 4
43 40 4
40 34 13
34 40 13
81 13 15
13 81 15
81 60 14
60 81 14
81 65 4
65 81 9
81 118 8
118 81 8
107 50 8
50 107 8
107 18 3
18 107 13
. . .